2754794679
4024792840
2959673361
1716282390
101705966
2625949193
2663549349
2917063971
2539867053
383843001
1343290142
65946916
2785822812
2396809793
2234325563
1709303754
3187576244
4018750715
1119030573
969032587
2942829451
1486639291
3039524765
555376786
3119099491
3905568294
2338160559
2233213581
2746072996
2348070706
1681374073
3588243589
4008930218
2098899152
2447944754
2548420826
3170575654
3357004570
3946468994
3476412387
1178253910
549204047
2538048404
1316933135
1154191198
851328913
2802664906
2855091583
2004521721
2088118995
3508033285
1023812747
529643840
240200199
512984069
3741354195
1709941990
2835567178
2447451797
3492826589
934610898
181654673
1749890849
1665371989
1048751464
2462852903
1183599391
1095434610
3570789225
1145025839
20856670
1954783619
2977532764
1993917664
2123423627
1414911320
1150389868
1297693484
2145295609
3176857311
4232826260
417395040
2236069114
3923669883
632386604
3058162885
1611830854
2573870069
196522487
1974850511
1815842398
1761189974
2046346600
2072882965
2645392217
3305030871
1583000862
2558647693
1557130884
3121217910
572252871
9519459
818560570
658501346
2797350715
95039
167782459
1394691606
628868728
659850379
4173464070
3897413759
3037228326
353624012
334254798
3646410065
2060553057
1451458390
190824336
2769839803
2713906946
1692012569
675123809
3886691161
3542112321
2072996273
1529490601
1864182708
3732431175
3774454154
576922496
3355590039
913614892
4278224672
3831486437
1146914975
3023464692
41198779
1923817943
1322145071
2428238996
2741874698
1144632632
1454664855
1185434710
366131076
109331927
198220944
697420189
2669152471
1921730427
2882847609
256956713
2683179008
1800786541
1575691811
1462028075
2580093457
3049621636
3359429207
3482603909
4276382171
2110758009
530006223
1782336110
326853663
1658566681
3333152788
2313100086
558810679
1998633771
3693362558
688767914
3923300752
1271976077
3466748726
2847886871
2087081079
3029341461
1617998075
2393672983
2123515603
3344532059
789776410
3154265268
2515878285
3904369931
2071975584
3151352359
791391095
2065077688
1981269536
2904706013
2631134716
809663862
2890165515
948877372
3617779889
191120388
1968959539
3621834907
3805497692
1037438060
1956894601
4248087658
2056560328
3716784417
3194014336
3311317883
1226815349
3953204288
4135510261
259824737
453285392
910243383
652036999
2333363855
625280617
1397000769
4192388884
2405371726
869210387
1991718602
3519974238
1649047711
1916902007
3954768598
3000796570
867517232
2605344998
729394796
4036636736
1250124101
2017036169
674838795
1870205256
3718610750
1282472450
3466036839
3021658357
4021126110
2160617358
228327262
318682
3598949063
852881736
472038393
4205543136
158365676
2941059085
2950257464
2383155960
6309340
69104497
2655988864
3152658188
4147152773
749427438
3807685418
3716831306
2084094203
745950809
333567356
2544992198
2189657657
2392630491
3924040177
1370438565
3144059057
2413574519
88621707
9934679
89039021
578572340
2110121842
1480228812
124381559
3861504377
437487363
2866195230
2057603603
2161766050
3003808889
798262806
3581200044
1339988618
3761389691
522037295
3774393177
3147789770
2501116688
2414399591
3829804175
807994768
3664789973
472500207
2319796033
80518515
1434443911
2342166609
1295205100
569091826
3613937429
3930581475
510423420
1549909729
3688044884
3547925929
581463214
1453014950
2053665840
2575388378
330318001
1638575175
2527027521
3916579915
2766382542
2798047390
1174362938
680860459
3790006999
3186125384
2845774888
2543105490
1699024204
1159565942
2792306403
4149883371
2875961198
2676152784
4118244616
3049915887
1879458637
3427693768
1304587645
1269357712
267203606
960737468
987361226
1244247265
3307788142
1842490001
1772870095
3850320626
729301336
2878317788
2708438401
1667567296
1981900463
1326161821
1122628334
2891133083
3297410119
3489670438
2539013010
890839295
430834872
2125678330
3823872388
4106281078
4025533688
4199611338
1243619457
1069690783
546765508
4247012356
3872163177
2716522445
1200566631
2541235473
913893559
4246638990
1565200486
2066158058
1550095359
1439889115
3008491562
3740508853
4016719840
2112279163
1828563649
2812849047
861303513
2993865753
2768368692
2422315925
972406636
2358991979
1818373108
719314655
3271219743
4243592024
1935418133
743612040
2789750295
4235773878
692609228
3184707695
749519183
1727054188
2904315611
1913619342
4213016024
4035767082
555372357
2601445721
4192269697
2671588588
162073722
107887400
2574910886
390092892
3412904465
1146766192
2362911557
706277783
3582723755
1360317830
362053096
3859228867
4072240247
1991217189
54585537
1764746723
2843429793
3677341212
3193981134
2527255204
2183524104
1121839567
804697368
1866162724
3473424702
3613486661
1748639704
3065865738
2617561326
3596861759
1064293901
1629645443
2779132616
1253932842
2250012848
1901420751
2809394030
1177660438
1570075214
1423765514
3090525113
3918744141
1057255188
1472153320
3006606970
1746121872
4262283287
1532761751
3737948921
2600911611
4044239368
2774368246
145908219
2723466009
3496616024
116043308
536791371
2177290896
2202873593
3710731995
2691813152
2176836382
153810477
3319623023
1032022110
286953815
270042224
2250848932
2500060900
3519970904
1049996797
1625805168
4085769320
459955426
2637447153
1984626673
1774269794
2492519464
4162558121
1008284739
2902725982
3382058357
1046214145
3921866379
246026697
3216405146
3282205271
824135445
3246191599
3145928922
1711529664
1157994846
174264213
1225458570
203050335
3446497970
3028394794
3818766252
741412946
618399001
642371372
878383726
3291518923
4107993971
426053192
3841145599
3739931266
3863649556
2554989916
763746606
125900643
2848117380
495549029
2427648197
1267355841
4265244163
318368140
3409189020
3813609126
3700963141
3169059169
213859493
2611254522
4250060116
1104701098
3556835930
3093521847
3071364496
782745241
1654039955
3838238747
731169711
3431485645
2690628880
1947853702
1544565703
729480543
4021562436
3154852219
3782559830
1882170610
2226327628
2992137842
3408066095
817695618
3105764587
2192608154
1254543839
228795977
500993275
2722279336
2902800
3881419235
1956374220
123656871
298724721
3002392779
2653398509
1203167657
2595578016
3947185324
1957648358
1632106006
4215458711
1413648966
1302185839
1878930409
2043059719
2083220006
233452782
3274215999
1081075992
2650247601
375829807
3429216701
2781090281
2623171443
2973659670
2083191166
3624889114
3740458015
1727700887
3894903467
2680576694
179718008
2618556308
570534028
1884768363
2611464413
1733684415
1246501631
2484572548
2234595051
1138561015
2885032475
1377354755
515076646
3165356756
2141705522
8004679
618564817
2217752579
1977208555
1703955628
2771497787
3634789631
4264276514
2745299294
2872378655
944295432
69197254
1661754358
983803668
62992022
254481791
1888160297
1498564865
496702228
3583727679
674418606
1489896249
2537277037
3824296031
3961437632
4191470740
1827525358
22624923
3078704054
3450772093
3266937995
2924404741
2812840752
2718890000
1600188351
108879906
97548488
1071479123
3499485656
3230949047
2985955183
3240889283
3249998674
1734974541
3194055659
2209281053
178648989
246377967
4287545061
1319377134
1236475228
2531323192
604209880
253280179
1874681925
1756848713
755262493
1303899428
806121320
1204641040
3147164780
2981278215
2168519283
49026234
3013208045
870470581
1674908499
3781250137
3513444206
1571870418
3559129803
706021281
872391964
2258028461
3934364677
1283309860
1485457943
4205325230
1680722029
2921735223
4264347128
1459291350
238737227
125563185
872023269
1968802695
1351223008
3366647366
387527433
1319864573
653199591
567392643
3300681456
3095896400
2564708311
3113487784
937814989
1638888060
1852805004
1163705600
1929110871
4137799300
2020626633
3409628116
1646667514
13855071
2225739329
1672921128
1706572137
2877086883
3579145818
1635543612
2281954133
3305785575
1797113472
3926168428
2226715107
1531122299
2020826278
2960035564
2914074764
4250122909
744895575
1751157254
4267640835
1377637652
3593639096
2747319816
3580232526
1067004780
1479687460
2856677278
3565328550
350647678
3214786973
3722715210
1998117989
2712883837
1198945628
365440291
4122155403
2801210331
1692777295
2376769179
2020755039
1143762021
1546220668
2089224241
2236292728
674089223
3576297632
2433400623
3188993530
898568164
3775667869
3335653490
4273895123
1313576054
4043006596
4256078444
4264221716
273382292
2939530576
3088117911
3154125763
2595037529
4200297355
1990511787
50842316
1966165497
651638225
2466760368
630816118
3120571132
1387608181
108303903
2162752866
644271807
4281743547
4269640860
2610370650
3698726926
3541208522
1501975418
405935853
4093128424
4132316186
196379374
2311301807
2781339034
2838084690
1060770595
1263668821
3604019996
2909201724
3863014184
1929504193
2704408274
3461876511
1949762447
3302149312
480455986
977620430
3550490672
3230401378
1495712619
3823503504
2005513953
1417642392
2825493986
3350657323
2389087817
2719744818
1609138431
167899669
3401933447
4005409580
3443053106
2841506463
3593988918
890740208
1496463362
2364498298
3279897194
3222474028
350115435
3505099141
3476012726
3687370090
2328537265
4246091229
1895274047
34982842
3098698773
1426350957
2629401380
3747836030
1657098712
637655640
2785245593
2175264426
3850377378
4145520386
4291139468
3752526432
790679098
340813401
485483956
2438136953
231949019
1191560215
2682616180
3190458712
3844080059
3774177380
2322367324
3422056171
2625202070
2949974934
947065241
1331096203
950893886
3840853577
3530523261
3562941205
99924204
3198673622
1332073403
3715739800
79431126
3610626627
3668607502
613525992
2595040369
2387012061
1390567483
3045233161
485472041
2059177319
3509854131
350243856
1289139365
1017489695
2246144534
3046347201
2529804317
575631640
1441584187
1612474441
3115635652
1869243783
2691604481
60692184
2762988692
3028534234
2856194484
3593379342
3736135672
1803896277
2954199340
3791919116
2901297131
1138571131
347045344
3084749903
1978253181
1351951092
2773769391
3649165022
40897506
579765988
388585290
3864194995
3076375324
706074376
353639006
3948994018
1106399194
537605277
1689401426
1286782590
2862592195
3313667573
525967655
1505115686
1021548852
2644088122
958294165
1636954563
1692932801
1507567527
4256955159
535274028
398879794
2177465461
359804337
36227357
4180897285
2878393545
3563295050
2289398666
1706696944
2274729495
3211395207
2405808347
2633898920
600167717
3741412290
2921820776
3324046742
1163211638
498047818
3067264908
1504612192
113691115
1940427599
2590114658
174512262
3571867554
2374286489
492211306
1627651444
605210334
3038748838
95043766
788938256
720663741
2498091122
4182874595
178662054
1063994003
2686611629
1376151339
3061473150
537842542
2423981992
4260357085
4158191796
2877963213
1752011949
4238554538
1995413100
2892049651
175123001
1454937407
2185135740
3516813817
3584600473
4013430869
1264882370
735141612
1886184986
1314753571
